              precision    recall  f1-score   support

         0.0       0.95      0.99      0.97       100
         1.0       1.00      0.95      0.97       100
         2.0       0.96      0.96      0.96       100
         3.0       0.96      0.98      0.97       100
         4.0       0.98      0.99      0.99       100
         5.0       0.98      1.00      0.99       100
         6.0       0.98      0.99      0.99       100
         7.0       0.99      0.99      0.99       100
         8.0       0.98      0.92      0.95       100
         9.0       0.98      0.99      0.99       100

    accuracy                           0.98      1000
   macro avg       0.98      0.98      0.98      1000
weighted avg       0.98      0.98      0.98      1000

